"d","id"
1.419556224180326398e-01,2.037886588722467529e+00
1.998295900221290777e-01,2.118855252414942214e+00
2.468014107531240897e-01,2.036175429672002934e+00
2.862877769085170332e-01,1.995099949091672542e+00
3.177389706751286846e-01,2.026886535137891521e+00
3.453698457610195893e-01,2.042691075652837362e+00
3.737338749695521822e-01,2.056087536066769417e+00
3.986540146675223162e-01,2.019215502589940314e+00
4.220981389061779776e-01,2.005656240135431645e+00
4.437731804755130072e-01,1.990699660331010978e+00
4.640651277919232154e-01,1.961416946500539549e+00
4.838758093718679709e-01,1.969509107917547297e+00
5.032342738141226679e-01,1.972262485176324631e+00
5.216718432495776048e-01,1.980035725682973924e+00
5.393873129487470885e-01,1.971123049110174552e+00
5.560619277432604646e-01,1.984051331132650420e+00
5.736175228927568037e-01,1.973873129338025834e+00
5.897378606875720575e-01,1.969183147400617617e+00
6.062254853284897438e-01,1.957526093572378167e+00
6.221946907456528120e-01,1.953317923694849245e+00
6.377432207605017167e-01,1.941067582517862489e+00
6.534813860782376915e-01,1.934638728648424122e+00
6.687198519362483884e-01,1.931036945134401162e+00
6.852709771869266442e-01,1.912730671018362028e+00
7.006108812187796797e-01,1.899251963049173098e+00
7.151744996880956551e-01,1.896700506657361673e+00
7.302825317765561097e-01,1.884543908089399089e+00
7.441895034219104810e-01,1.879136866480111800e+00
7.582492299930272406e-01,1.864862950295210098e+00
7.722586775013920990e-01,1.861345909386873387e+00
7.852514513301797061e-01,1.854010461121797348e+00
7.978360596874010113e-01,1.849099845439195811e+00
8.112522761742132493e-01,1.846088943332433896e+00
8.237356664908775938e-01,1.848112429231405285e+00
8.366818523979604461e-01,1.840214970856904664e+00
8.493243256896528814e-01,1.835089780837297457e+00
8.625322827006151050e-01,1.826605272740125629e+00
8.750868113164369522e-01,1.825332529693842076e+00
8.872245136255855202e-01,1.822882122844457609e+00
8.999842758476123139e-01,1.815841268748044968e+00
9.117136419350251320e-01,1.814517109841108145e+00
9.238917882491224365e-01,1.807358988374471620e+00
9.357559567253785904e-01,1.806240314692258764e+00
9.479805543468363682e-01,1.799919549971819244e+00
9.594740668084059676e-01,1.798427242487668831e+00
9.712007752449842712e-01,1.795050102621317034e+00
9.823777214749369602e-01,1.796274994164705152e+00
9.940755765508849651e-01,1.795017934292554518e+00
1.005604164425645486e+00,1.794439884573221011e+00
1.017739561939593473e+00,1.790500823706388189e+00
1.029071978154912470e+00,1.788987397402524993e+00
1.039921985114039549e+00,1.786840406507253176e+00
1.050647996933503192e+00,1.788454793244599994e+00
1.061476507007792502e+00,1.788704565614461783e+00
1.072156111528253186e+00,1.785151168256997822e+00
1.083494787633183298e+00,1.780135047584772146e+00
1.093977032985349096e+00,1.778670809417963294e+00
1.104829915676072138e+00,1.775271570533513810e+00
1.115446867296721489e+00,1.776017857939004907e+00
1.126303464125306464e+00,1.772055896073579717e+00
1.136605913078892138e+00,1.771137182861566739e+00
1.147778041439295071e+00,1.762239565700292498e+00
1.158116690669305893e+00,1.760148535221815136e+00
1.168952802195689644e+00,1.751903551965951378e+00
1.178911130855657019e+00,1.754174493402242740e+00
1.189517622371975003e+00,1.747508075088262558e+00
1.199949334205237639e+00,1.743204558640718105e+00
1.210222720316025180e+00,1.739921606928110043e+00
1.219849952058236653e+00,1.741178934127092681e+00
1.229491843260133166e+00,1.741266706436872092e+00
1.239912152333477291e+00,1.735235189348459217e+00
1.250098224848053885e+00,1.734491486102342606e+00
1.259734599399543908e+00,1.734683961421251253e+00
1.269786207662059407e+00,1.733408545106649656e+00
1.279184131647958855e+00,1.731276078969240295e+00
1.288159625927838503e+00,1.732976544946432051e+00
1.297603530095156277e+00,1.732525297254324137e+00
1.307218805749690960e+00,1.728472622483969046e+00
1.317009471926844810e+00,1.727058017998933881e+00
1.326201055911927273e+00,1.726994305104017080e+00
1.335759607171235874e+00,1.723832808881997858e+00
1.344773616637354507e+00,1.721948332935571813e+00
1.353959556369096706e+00,1.722014006227254646e+00
1.363314179344913946e+00,1.720009589642286674e+00
1.371851933576333726e+00,1.721952788382768773e+00
1.380614415011398810e+00,1.720980698913336049e+00
1.389580872597060202e+00,1.723223392814397847e+00
1.398778702459736234e+00,1.719255104213953445e+00
1.407511592509100851e+00,1.718399212807416809e+00
1.416625435421247525e+00,1.715793399959802734e+00
1.425316854819817181e+00,1.715656083077192307e+00
1.434058979528841204e+00,1.712936923652887522e+00
1.442585478499505580e+00,1.712066061943769757e+00
1.451745441974515272e+00,1.708302278369665306e+00
1.460247112990896268e+00,1.709313575774431548e+00
1.469467274260563672e+00,1.706683614403009308e+00
1.478369328412271644e+00,1.705134366303682203e+00
1.486971718426644662e+00,1.704313762038946134e+00
1.495962626815080521e+00,1.705076356381177494e+00
1.504810971993091329e+00,1.702216850370168899e+00
1.514092110576479744e+00,1.697804442793130919e+00
1.523528800795696192e+00,1.696242363005876719e+00
1.532555690148391658e+00,1.693164005428552610e+00
1.541341790950735424e+00,1.691177321523427812e+00
1.549962720255897652e+00,1.688573379963636434e+00
1.558857265864674435e+00,1.685558824390173127e+00
1.567255118159497362e+00,1.686504002958536086e+00
1.576002529758333548e+00,1.683712932616472369e+00
1.584727892747837430e+00,1.682269635051488521e+00
1.593003771105356847e+00,1.681289703994989448e+00
1.601751948001747028e+00,1.680962139517068632e+00
1.609826803682704810e+00,1.680753802806139063e+00
1.618048693187136955e+00,1.680821347385644593e+00
1.626881706685957107e+00,1.677591148167848711e+00
1.635529110590816515e+00,1.675648038536309947e+00
1.643838532380169415e+00,1.674648236185312333e+00
1.652478708749806957e+00,1.671743284612894120e+00
1.660895246935324421e+00,1.670583977252244612e+00
1.669212687300713149e+00,1.669542739242315221e+00
1.677601911253115086e+00,1.668656729012727435e+00
1.686352904477645076e+00,1.666352015286683974e+00
1.694903524693060159e+00,1.664037856012582361e+00
1.703340545159557573e+00,1.664324965029954750e+00
1.711447050496063715e+00,1.664482064098119274e+00
1.719925401016926259e+00,1.662532984167337302e+00
1.727948331461721221e+00,1.662046271115541485e+00
1.736454766781373005e+00,1.660538013130426371e+00
1.744483328106524622e+00,1.660755260735750305e+00
1.752683251390106722e+00,1.658072635978460330e+00
1.760816805826716402e+00,1.657084863334894020e+00
1.769618610805604453e+00,1.654581080228090029e+00
1.778091037213764602e+00,1.654336387068033210e+00
1.786750716403474604e+00,1.651982039660215396e+00
1.795311343916936364e+00,1.649758147746324344e+00
1.803427976960625179e+00,1.647635750919580033e+00
1.811251690265147207e+00,1.648380969017744224e+00
1.819992749233977136e+00,1.645293255001306409e+00
1.828273183581829997e+00,1.642704640179872388e+00
1.836870989290944722e+00,1.639514094442128700e+00
1.844937426241679113e+00,1.637910222560167162e+00
1.852987104097156168e+00,1.637320054024457683e+00
1.861032630029901158e+00,1.636049182265996826e+00
1.869703139733162267e+00,1.633379389196633946e+00
1.877640952150499754e+00,1.632913973182439804e+00
1.885545539331483056e+00,1.631508903354406126e+00
1.893810225897467836e+00,1.628920288532972105e+00
1.901842434059293208e+00,1.628007902055978784e+00
1.909849323753400663e+00,1.626288990527391398e+00
1.917753249291568984e+00,1.623857029229402116e+00
1.926021198309390670e+00,1.621920691877603238e+00
1.934613249557659342e+00,1.617832640856504245e+00
1.942997418133535659e+00,1.614649936705827571e+00
1.950496247409768902e+00,1.612931025177240407e+00
1.958504578853506484e+00,1.611711658388375934e+00
1.967403297187535705e+00,1.609146479219197845e+00
1.975590192165800785e+00,1.607740963846444826e+00
1.983865077061786053e+00,1.606129874140023839e+00
1.992327627414154589e+00,1.604242457598447746e+00
2.000583528594936045e+00,1.602073813229799137e+00
2.008696723646575144e+00,1.600262584835290935e+00
2.017493817007235180e+00,1.598400475233793028e+00
2.025685559183511231e+00,1.596400692313909353e+00
2.034302286351020062e+00,1.593375265449285649e+00
2.042620480793229998e+00,1.590585620850324844e+00
2.051191335462945187e+00,1.588124431818723981e+00
2.058921192894098251e+00,1.586976530402898877e+00
2.067734002724063824e+00,1.584813321679831022e+00
2.077023260532137705e+00,1.580992775708436771e+00
2.085969837902403423e+00,1.576914972215891053e+00
2.095036844845220347e+00,1.573038465827703902e+00
2.104310732251704508e+00,1.568583107739686788e+00
2.112866372933211334e+00,1.566353869289160095e+00
2.121509111808137060e+00,1.564368611127138209e+00
2.130427656127241054e+00,1.561006708890199546e+00
2.138703681793177047e+00,1.559099866598844475e+00
2.147493054518467837e+00,1.557006786614656413e+00
2.156615616909996813e+00,1.553721518069505869e+00
2.165805550415085268e+00,1.550274249464273391e+00
2.174608980748457654e+00,1.548160228878259659e+00
2.183242324038868087e+00,1.545153514891862923e+00
2.191926802712785616e+00,1.542100553363561444e+00
2.200622435338582150e+00,1.539218146353960037e+00
2.209689943676256263e+00,1.536657957285642695e+00
2.218342152746156870e+00,1.533738302737474690e+00
2.227004998950162573e+00,1.530459450036286917e+00
2.235774118045775083e+00,1.527619102448225075e+00
2.244828857532655153e+00,1.524788111299276272e+00
2.253703195979009255e+00,1.522256437093019166e+00
2.262687984909634853e+00,1.518667217940091962e+00
2.271318754292765085e+00,1.515908405035734319e+00
2.279843053912878670e+00,1.513161710947751981e+00
2.288363692284170803e+00,1.511914809495210399e+00
2.297196678305636564e+00,1.509258382767438622e+00
2.306106520265791993e+00,1.506876946240663262e+00
2.314877370427320447e+00,1.503620370775460957e+00
2.324266041165260255e+00,1.500370924025773878e+00
2.333506465301508292e+00,1.497702200263738792e+00
2.343102564242196095e+00,1.494259743541478613e+00
2.352627418872757836e+00,1.491223178058862509e+00
2.361250491115177930e+00,1.488582790941000100e+00
2.370821087403837790e+00,1.485629007667303103e+00
2.379947587790773866e+00,1.482812897711991873e+00
2.389983420398344105e+00,1.479231431037187239e+00
2.400038638793784873e+00,1.475735152512788861e+00
2.410181496566871751e+00,1.471143279522657110e+00
2.420402399089736090e+00,1.467700199037790032e+00
2.430214732238921371e+00,1.464075870960950709e+00
2.440882626956057955e+00,1.459107601791620024e+00
2.451771245086703743e+00,1.453553797751665044e+00
2.462137491603223260e+00,1.449792241901159073e+00
2.473856941009318078e+00,1.444511645883321815e+00
2.485143583146101509e+00,1.439274535030126589e+00
2.495899522532025738e+00,1.434051859825849373e+00
2.506748680286968067e+00,1.429069867879151801e+00
2.517235917162729208e+00,1.424769024699925613e+00
2.528040892530498240e+00,1.420332379490136798e+00
2.538574776846532099e+00,1.416572071164845958e+00
2.549456005422112703e+00,1.411875316947698522e+00
2.561038280007110313e+00,1.405919007807969967e+00
2.572643792743871227e+00,1.400481045395135737e+00
2.584712279330201756e+00,1.394422260969877314e+00
2.595981310725481439e+00,1.390048170238733283e+00
2.607992303598198891e+00,1.383686237186193324e+00
2.619325539323998253e+00,1.379237027615308531e+00
2.631149356881814949e+00,1.373767877072095800e+00
2.642107922705699163e+00,1.369060786217451309e+00
2.654047664920542449e+00,1.363950477391481453e+00
2.667369726297077914e+00,1.357780841439962582e+00
2.680885878273274958e+00,1.351013730019330783e+00
2.694993339015358647e+00,1.344252945333718863e+00
2.709173816245865840e+00,1.337203002125024742e+00
2.723514204145044193e+00,1.330212494581937577e+00
2.737806416122288589e+00,1.323785957545041914e+00
2.753347465577022479e+00,1.315838598161935602e+00
2.769080277161384274e+00,1.307653585225343029e+00
2.784947454271269773e+00,1.300008928924798912e+00
2.801412962235630744e+00,1.291146153360604787e+00
2.817493927690458477e+00,1.283719813972711066e+00
2.833133079411014332e+00,1.276514732092618676e+00
2.849110631669210303e+00,1.269207174926996196e+00
2.864235944024128067e+00,1.262976855784654795e+00
2.883429851693044554e+00,1.253204099684953832e+00
2.901048764301837224e+00,1.244961076825856994e+00
2.918753385554187396e+00,1.236567816287279076e+00
2.936567224782904884e+00,1.227889318019151910e+00
2.957044562273170030e+00,1.218219482749700600e+00
2.977862567707601826e+00,1.208066320568322860e+00
2.997876640040951113e+00,1.198596356660127427e+00
3.018660555761217168e+00,1.188985333293675950e+00
3.039869356504857567e+00,1.179207230657339123e+00
3.065741607428786875e+00,1.166806117147207056e+00
3.092698838000594641e+00,1.153999736160039813e+00
3.121215576129749536e+00,1.141125632375478594e+00
3.147591113339531788e+00,1.129977925270795325e+00
3.175326901861215578e+00,1.118312940746545747e+00
3.204194381892617738e+00,1.105994253009557893e+00
3.236267052712372472e+00,1.092750970870256744e+00
3.267885026206806653e+00,1.080422926694154517e+00
3.296463378341208283e+00,1.069896398037671670e+00
3.327566998573360024e+00,1.058301720470189888e+00
3.359154395801858595e+00,1.046963142007589109e+00
3.387634886792368238e+00,1.037639138549566020e+00
3.415672686651178402e+00,1.028559204488992407e+00
3.447764254679849483e+00,1.017361329048871443e+00
3.480286064115108324e+00,1.006527552753686994e+00
3.510467353083211783e+00,9.975705890357493555e-01
3.542337457516197219e+00,9.879109121859070974e-01
3.579069765714734341e+00,9.767124129831789014e-01
3.618551554069416643e+00,9.643246658146381600e-01
3.666451141578032313e+00,9.497697891294956118e-01
3.714534439904139784e+00,9.355670709908007199e-01
3.760281258008920879e+00,9.223482047021389629e-01
3.839624172744395381e+00,8.999953152239321685e-01
3.917745146178866822e+00,8.800588820874690743e-01
3.978832252019351756e+00,8.651311735808849823e-01
4.045936975955834569e+00,8.494685836136338652e-01
4.116567298480115156e+00,8.336415876448153295e-01
4.233083203622295621e+00,8.071663402020929912e-01
4.380597230817214083e+00,7.778729332983491673e-01
4.564238619431769450e+00,7.459171293675899150e-01
