"d","id"
1.453208207708259758e-01,2.112197923213243733e+00
2.111986031672250519e-01,1.918670495003461873e+00
2.615161861707198665e-01,1.941972394734620799e+00
3.005336543706100816e-01,2.001842199116945054e+00
3.338691059067106504e-01,2.089934142678975704e+00
3.643751291196353770e-01,2.065104737430810466e+00
3.936679960609398288e-01,2.038057321459054272e+00
4.189976979143864577e-01,2.056122912317513318e+00
4.450306924351402627e-01,2.020212007910012986e+00
4.673694381097935890e-01,2.014664174169301880e+00
4.890161472847581736e-01,2.024854227453469768e+00
5.097163132280376763e-01,2.024529692679643667e+00
5.299057525231346544e-01,2.029103832989931355e+00
5.501938182986025883e-01,2.015452788323163880e+00
5.695161018909244977e-01,1.989552560895681443e+00
5.882082121463163560e-01,1.989746283739805222e+00
6.050883273002221063e-01,2.000735376924275499e+00
6.228600074106209750e-01,2.009106360226868837e+00
6.392288494446900504e-01,1.999373257607221177e+00
6.557832517120751881e-01,1.988374540656805411e+00
6.720847080510102822e-01,1.971352059096097786e+00
6.877313196699829101e-01,1.971879227608442253e+00
7.041344899532896440e-01,1.960957679003477061e+00
7.195942301534153929e-01,1.958614648431539651e+00
7.356502964106531595e-01,1.949292070716619474e+00
7.500300966575805806e-01,1.945073207765817269e+00
7.643508918978219047e-01,1.950667199939489338e+00
7.787442196976913644e-01,1.943591236919164356e+00
7.927674848410122266e-01,1.941055196374654956e+00
8.068002352116556697e-01,1.943232929855585045e+00
8.204687948857074531e-01,1.945378673225641286e+00
8.340362496149792415e-01,1.935847135037183531e+00
8.473009534276378929e-01,1.921416208893060418e+00
8.608036377289126628e-01,1.918954574316739770e+00
8.746922628975992708e-01,1.912400611490010949e+00
8.883255229911606321e-01,1.908491491228341941e+00
9.021187012653640869e-01,1.894613842517137492e+00
9.148968477019288059e-01,1.889326028674840563e+00
9.276120981198801019e-01,1.887379711121320636e+00
9.403007332429752507e-01,1.883814016729593144e+00
9.520313808284132095e-01,1.879499807208776518e+00
9.637459907668598502e-01,1.882188758701086151e+00
9.756076999528686677e-01,1.877650529295205706e+00
9.874801189133024515e-01,1.869141070693731255e+00
9.990841513810042596e-01,1.864247474819421768e+00
1.010437652577466539e+00,1.863283672481775177e+00
1.021429546684579526e+00,1.862072681933641505e+00
1.032928564823013762e+00,1.855060877352953330e+00
1.044083616924172286e+00,1.854996273368596960e+00
1.055016385502111964e+00,1.856215818375348992e+00
1.065931330509510389e+00,1.855171016007662210e+00
1.077102485932780684e+00,1.846561933606863048e+00
1.088709230741734979e+00,1.839372713118791580e+00
1.099987367231845203e+00,1.832660225480794880e+00
1.111234132891942838e+00,1.825223727673292107e+00
1.121774498729287250e+00,1.825364698022603926e+00
1.132485516620299615e+00,1.816633090823888796e+00
1.143845126633811438e+00,1.814966486245393362e+00
1.154928633708573349e+00,1.809146602898835887e+00
1.166249237329112454e+00,1.803945224732160568e+00
1.177018761986056816e+00,1.799471955746411833e+00
1.187518830683769622e+00,1.795663083046674657e+00
1.198752875051063427e+00,1.789007625132799095e+00
1.209551075175805401e+00,1.785157227665185697e+00
1.219836302621271518e+00,1.780799978524445937e+00
1.230204707233812256e+00,1.777867670506238840e+00
1.240746272213972157e+00,1.777660670429468404e+00
1.251807315209244820e+00,1.770419499427079657e+00
1.262439188790678957e+00,1.768640350252389748e+00
1.273283686900537059e+00,1.763686160296201511e+00
1.283592341008406024e+00,1.760559416562318402e+00
1.294519957120822573e+00,1.757621940225362334e+00
1.305079248773685086e+00,1.755828622728585975e+00
1.315636820560315279e+00,1.753112938553094580e+00
1.326256561292717073e+00,1.747329233437775908e+00
1.336573619845678795e+00,1.743999588638543763e+00
1.346771720351228829e+00,1.741745756119489563e+00
1.356577950535158728e+00,1.738200467675924399e+00
1.367029830950488245e+00,1.733879485875368331e+00
1.377504992632859526e+00,1.729718989282846620e+00
1.387977962684398880e+00,1.726019631475210536e+00
1.398038672883076261e+00,1.719812213331460837e+00
1.408676375129977565e+00,1.713622973412275652e+00
1.418845578892318438e+00,1.708609704226255799e+00
1.428556655796379582e+00,1.706759089678526298e+00
1.439305433882328344e+00,1.701282364875078112e+00
1.449545975758165461e+00,1.696334768980741536e+00
1.459436850407729969e+00,1.693812807649373697e+00
1.469195545719070406e+00,1.691104073971509969e+00
1.478875268299628454e+00,1.687450072616338836e+00
1.489305630239965428e+00,1.681894219070672936e+00
1.499400755701897348e+00,1.678050682991742981e+00
1.509207503845950704e+00,1.674132206290960490e+00
1.518973787776952689e+00,1.669842769056558263e+00
1.528547458052613051e+00,1.667712352424860267e+00
1.538079625043068832e+00,1.665812015086412412e+00
1.548391885081505048e+00,1.661136557906866429e+00
1.558136622225773538e+00,1.657749081403016689e+00
1.567983789618708768e+00,1.653180465847253533e+00
1.577736364575777372e+00,1.650042316168546908e+00
1.587419064792123136e+00,1.646097463220357549e+00
1.597128808285841695e+00,1.642792234271764906e+00
1.606803906270623417e+00,1.639913124293088664e+00
1.615935641452198812e+00,1.638562500029802305e+00
1.625291345371158602e+00,1.637695559114217714e+00
1.634061091614454453e+00,1.637617410570382903e+00
1.643182962003284064e+00,1.636471736878156502e+00
1.652721881594181097e+00,1.634258003383874502e+00
1.662407849906371249e+00,1.630986635833978848e+00
1.671619463764039804e+00,1.629982021600007602e+00
1.681447292460339415e+00,1.625415455549955368e+00
1.690556950296036698e+00,1.623186484426259790e+00
1.699894053771298319e+00,1.620326265543699407e+00
1.709068245180761503e+00,1.618710453063249233e+00
1.718210285327391507e+00,1.617447868436574510e+00
1.727499036917141906e+00,1.615222194343805207e+00
1.736765062701632889e+00,1.613256540149450080e+00
1.745884583638420917e+00,1.612041628807782789e+00
1.755675504241374973e+00,1.608889132589101711e+00
1.765133934504931945e+00,1.607120676487683975e+00
1.774429786933688247e+00,1.604658061712980199e+00
1.783518933611358825e+00,1.603027457147836232e+00
1.792970181794958373e+00,1.599827020317316162e+00
1.802264644176640784e+00,1.597500474900007017e+00
1.811606581421554951e+00,1.595885464400053078e+00
1.821701254977311502e+00,1.593075770288705728e+00
1.831299877405423437e+00,1.590629729777574664e+00
1.840645668844656413e+00,1.588408600240945656e+00
1.850318826728173605e+00,1.584823836535215857e+00
1.859204406280155375e+00,1.583017420023679733e+00
1.868948784491230919e+00,1.580535646826028762e+00
1.877958028336184748e+00,1.578161160796880846e+00
1.887257533653996955e+00,1.576028070896863698e+00
1.896767011613779808e+00,1.573083109408617286e+00
1.905719446392435623e+00,1.572119128853082692e+00
1.914651787942567518e+00,1.571333544403314519e+00
1.923414518837445630e+00,1.571514970213174989e+00
1.931959234788255930e+00,1.570014999359846009e+00
1.940375876848375425e+00,1.570421870797872543e+00
1.949318155134037722e+00,1.569119008928537395e+00
1.958330329704317974e+00,1.567479137033224390e+00
1.967411050049491905e+00,1.564767462760209948e+00
1.976726483577111226e+00,1.562369095534086316e+00
1.985898480588793591e+00,1.561891293376684420e+00
1.994890654590951939e+00,1.560249817520380056e+00
2.003905170164971050e+00,1.558576440662145624e+00
2.013089532724474662e+00,1.556807984560728331e+00
2.021964100537507303e+00,1.555438380092382555e+00
2.030968973098891350e+00,1.553904636949300810e+00
2.039498529566416085e+00,1.553601933866739282e+00
2.048263828289365929e+00,1.552152042239904439e+00
2.057293511572799716e+00,1.550219091027975393e+00
2.065949426848116222e+00,1.548860090523958011e+00
2.074877305805235661e+00,1.547076575011014921e+00
2.084556478459286044e+00,1.543703801482915861e+00
2.094083462847966981e+00,1.540739325135946247e+00
2.103453613932241506e+00,1.538584938198328089e+00
2.112752524410734800e+00,1.536806858330964864e+00
2.122224104654261367e+00,1.535127422064542557e+00
2.131483252643687543e+00,1.533278322368860414e+00
2.141447804569062807e+00,1.530757073909044363e+00
2.151009819712862647e+00,1.528370469063520254e+00
2.160776110696306596e+00,1.526025210767984364e+00
2.170145745559197703e+00,1.523791784197092047e+00
2.178629051359405988e+00,1.523750972300767836e+00
2.187925940549170889e+00,1.522338862866163378e+00
2.197058415274177445e+00,1.520651852339506060e+00
2.206346082000088415e+00,1.518863435834646003e+00
2.215350727207369363e+00,1.516757702380418404e+00
2.223974260350592758e+00,1.515404404848814002e+00
2.233480185410988916e+00,1.513355344682931980e+00
2.243022734389723993e+00,1.511981908529997032e+00
2.251861125157566867e+00,1.511539928168058378e+00
2.260825853914064432e+00,1.509434372931718560e+00
2.270908552447552520e+00,1.506863490790128601e+00
2.280105500797633855e+00,1.504393658190965599e+00
2.289882933126930808e+00,1.501089320331811638e+00
2.298923210012184359e+00,1.499663844555616077e+00
2.307976962300090751e+00,1.497830517143011075e+00
2.317043636779239968e+00,1.496104655116796245e+00
2.325929616552218970e+00,1.495432506352663005e+00
2.334882293745499382e+00,1.494123406857251535e+00
2.343698111871393319e+00,1.492732683569192753e+00
2.352544019258366426e+00,1.491984257549047399e+00
2.361620382387121353e+00,1.490558336228132053e+00
2.370717797887363698e+00,1.488070058077573643e+00
2.380687074017695970e+00,1.485265977829694606e+00
2.389875897421028128e+00,1.483182076066732025e+00
2.399311093617261026e+00,1.480363471060991198e+00
2.409128456379085570e+00,1.478022846430539605e+00
2.418660685411170963e+00,1.475441627651453036e+00
2.427939534517510101e+00,1.472961101979016973e+00
2.437601085036352533e+00,1.471601121276616464e+00
2.446673810250479253e+00,1.470065328627824908e+00
2.455495920960564682e+00,1.468450229018926745e+00
2.464650548225446602e+00,1.466742456108331094e+00
2.473184064934906168e+00,1.465708703249692713e+00
2.482133738337252371e+00,1.464250791817903075e+00
2.490849518598869050e+00,1.463538365811109188e+00
2.499396759643699450e+00,1.461954276114702189e+00
2.509098597241328665e+00,1.459259978085756027e+00
2.518391245653688326e+00,1.457366234809160055e+00
2.527565136565848469e+00,1.455668798536062125e+00
2.536947899692195474e+00,1.453234163969754800e+00
2.546208068816925962e+00,1.451567737609147812e+00
2.556228072640556626e+00,1.448581875115632744e+00
2.565797893411244424e+00,1.445808270126581085e+00
2.575171847008604686e+00,1.443257883042096346e+00
2.584624515850859616e+00,1.440795090049504790e+00
2.594438972749312455e+00,1.438401623815298125e+00
2.604770036155640511e+00,1.434933503717183756e+00
2.614673671933406496e+00,1.431259987503289643e+00
2.624171659664875200e+00,1.428459293395280660e+00
2.634126707381877708e+00,1.425828351825475293e+00
2.644441814828700110e+00,1.422777261584996955e+00
2.654387846309407717e+00,1.420098022967576590e+00
2.664536609307982307e+00,1.417446229904889332e+00
2.674726153146359309e+00,1.414760753661393977e+00
2.685313439031965288e+00,1.411135088950395300e+00
2.696499356145106940e+00,1.407252077609300489e+00
2.707667256793236277e+00,1.403513244539499549e+00
2.718075259698149004e+00,1.401446184366941683e+00
2.728836630096363347e+00,1.398038480132818062e+00
2.739706297273435176e+00,1.394064666777849126e+00
2.750425530421231723e+00,1.390623992234468531e+00
2.761341754686273298e+00,1.387363406866788829e+00
2.772405092782587843e+00,1.383136702328920054e+00
2.784035114675595057e+00,1.379150859266519147e+00
2.795265798446541883e+00,1.375014600306749601e+00
2.807013038808897853e+00,1.370902133435010661e+00
2.819367183506402696e+00,1.366326032727956497e+00
2.831482255939538284e+00,1.361646030992269329e+00
2.844149459514679457e+00,1.356437345892190782e+00
2.858384450570911728e+00,1.350560254603624388e+00
2.871731037953369370e+00,1.345063925832509666e+00
2.886238481965373470e+00,1.338737903684377617e+00
2.900555755919695056e+00,1.332605337053537342e+00
2.914802556006985679e+00,1.327499483674764447e+00
2.928946033529100212e+00,1.321949065774679077e+00
2.943585948445007094e+00,1.315711350589990225e+00
2.959292000008345802e+00,1.309041011482476868e+00
2.973668970780270371e+00,1.303249286562204068e+00
2.989085344743608097e+00,1.296993125826119808e+00
3.004412779558268021e+00,1.290648212581872567e+00
3.021640240434799729e+00,1.282705041319131434e+00
3.037523133570035672e+00,1.276717009395360591e+00
3.054401457009044307e+00,1.269687739461659914e+00
3.072005648501527464e+00,1.262188152521848572e+00
3.091598874105979444e+00,1.253391852229833958e+00
3.112794848572083772e+00,1.243762739747762636e+00
3.133508491571397325e+00,1.235109013766050312e+00
3.154173282304584269e+00,1.226661574989557302e+00
3.176544355278021925e+00,1.216904680281877926e+00
3.198143991523723528e+00,1.208149370104074416e+00
3.223083582240598766e+00,1.197398554235696411e+00
3.252555926147337573e+00,1.184019202738999965e+00
3.281380569133570457e+00,1.171859574466943332e+00
3.303572407749545636e+00,1.163725977391004252e+00
3.327575386199130403e+00,1.154020320326089477e+00
3.350775571841263734e+00,1.144946980327367303e+00
3.377554378502251264e+00,1.134302916973829234e+00
3.410115404669598504e+00,1.121560337990522349e+00
3.442224628594263702e+00,1.109215363115072295e+00
3.476910629593627622e+00,1.095832358151674013e+00
3.509297056470783271e+00,1.084014284461736644e+00
3.541104196417694361e+00,1.073301696330308808e+00
3.571752597301427024e+00,1.063268296569585658e+00
3.602228262266442105e+00,1.053207629472017182e+00
3.635657900478197480e+00,1.042192516475915820e+00
3.681047512933790511e+00,1.026475124508142045e+00
3.725406528760119684e+00,1.012154069691896030e+00
3.766525681087310229e+00,9.996277581155297298e-01
3.829602416754384286e+00,9.795153348147866978e-01
3.881819680580493870e+00,9.639276854693891172e-01
3.923874542014958333e+00,9.517851661145686482e-01
3.994286973215791736e+00,9.318026636540890362e-01
4.065892843004485613e+00,9.116434581577778085e-01
4.174971327293511614e+00,8.831293980777263908e-01
4.315961028757702600e+00,8.506833167374131532e-01
4.422300181616813042e+00,8.276179121434688035e-01
