"d","id"
1.423691379336944618e-01,1.973957871943712084e+00
2.074877584384457185e-01,1.876731014102697159e+00
2.544635913272282335e-01,1.975962110310792941e+00
2.916856078359225113e-01,2.064239133149385452e+00
3.261494573920292739e-01,2.043335065990686594e+00
3.568726398220355422e-01,2.044993116110562781e+00
3.846850448563833846e-01,2.030465595871210560e+00
4.096470352674043691e-01,2.001916248649358465e+00
4.315500283980053253e-01,2.035652360171079422e+00
4.538374378211060267e-01,2.025219663232564749e+00
4.753875839202451603e-01,2.022895880192518092e+00
4.950041032444694733e-01,2.027586396783590317e+00
5.151911154126711523e-01,2.019564720541238145e+00
5.340000028787902364e-01,2.039552747756243178e+00
5.524924614362864972e-01,2.022034107595682251e+00
5.702628883061320320e-01,2.022717127650975222e+00
5.867648533593161631e-01,2.010645271688699331e+00
6.029201346204980938e-01,1.999923238009214232e+00
6.191491797421959653e-01,1.989786471873521645e+00
6.353670872186188978e-01,1.981716944128274926e+00
6.508917025289087110e-01,1.981761142164468525e+00
6.658261944381802522e-01,1.976709288805723386e+00
6.811693699041677652e-01,1.972509227842092372e+00
6.951781978988991195e-01,1.959102876335382160e+00
7.093667228806787017e-01,1.964947799295186925e+00
7.227322234006055002e-01,1.961832550615072224e+00
7.356158880161053348e-01,1.965535740107298146e+00
7.490853842039943977e-01,1.960200431197881787e+00
7.617854459657094068e-01,1.963263907581567658e+00
7.749054282740570621e-01,1.960023639053106503e+00
7.870166503845799078e-01,1.958799995034933072e+00
7.996973393974703415e-01,1.956190083175897154e+00
8.117528434765697298e-01,1.958365321606397647e+00
8.241075985853546504e-01,1.949325130134820672e+00
8.358214798653287314e-01,1.939773898869752600e+00
8.470262351924198185e-01,1.940560819953680127e+00
8.584699472976236034e-01,1.937573086172342141e+00
8.696560728616036240e-01,1.936703115552663723e+00
8.813450259791988373e-01,1.936652412563562464e+00
8.922253070715024936e-01,1.935791976600885533e+00
9.035556291345281377e-01,1.933942698687314721e+00
9.148671578114700997e-01,1.929459716826677163e+00
9.258231338098211749e-01,1.925083309262990650e+00
9.371194436419153506e-01,1.918228603750466998e+00
9.482457284967198419e-01,1.919508386403321776e+00
9.592322100554605546e-01,1.913010116666555405e+00
9.704407747010199703e-01,1.907386094778776187e+00
9.816233060334818017e-01,1.898004526942968173e+00
9.925971315240550430e-01,1.892932534962891822e+00
1.003291523602484414e+00,1.888619840294122554e+00
1.013544301587300245e+00,1.884943205267190391e+00
1.023810685656064701e+00,1.882747204452752676e+00
1.034023088256303735e+00,1.876387677341699423e+00
1.043744222005389855e+00,1.873073359280824635e+00
1.053646643613016076e+00,1.870015229433775295e+00
1.063096084235540362e+00,1.867669258266687393e+00
1.073541986206914212e+00,1.857104769200086603e+00
1.083437940551328804e+00,1.853737163990736292e+00
1.093013730241486625e+00,1.850747648030519166e+00
1.103407728720554815e+00,1.846607824712991563e+00
1.113596229576688357e+00,1.839227911084890144e+00
1.123693610042752145e+00,1.834864424318075171e+00
1.133205817119287806e+00,1.832391651123761900e+00
1.142825260949188015e+00,1.831048957556486112e+00
1.151927225083736461e+00,1.828680352717637847e+00
1.161415099777963977e+00,1.823705222159624384e+00
1.170662306470411140e+00,1.821990944296121295e+00
1.179919642115946576e+00,1.819729626625776309e+00
1.189058503893417607e+00,1.816233793646097050e+00
1.198204106049615802e+00,1.812571505159139784e+00
1.207811446569610814e+00,1.805343433171510359e+00
1.216848099698517371e+00,1.802138808220624888e+00
1.225598189076812838e+00,1.800584659129381038e+00
1.234489921292992731e+00,1.795990380197763470e+00
1.243487601932810716e+00,1.790465714782476070e+00
1.252313280802975104e+00,1.786002515107393052e+00
1.261103412854434946e+00,1.785119623690843760e+00
1.269796758371686263e+00,1.781558919399976126e+00
1.278618832463792376e+00,1.775951917320489404e+00
1.287104640331722560e+00,1.774862293154001014e+00
1.295535693582177350e+00,1.771437301784753782e+00
1.304060797077936540e+00,1.770414241999387350e+00
1.312832215259930324e+00,1.767732775658369171e+00
1.321183784892026480e+00,1.766428844481706673e+00
1.330190132898412037e+00,1.762093605250119932e+00
1.338466009760334252e+00,1.761072505861520643e+00
1.347366481292325835e+00,1.757452098578214272e+00
1.355888469602336555e+00,1.757580593675374780e+00
1.363887983697690487e+00,1.756269622892141058e+00
1.372443547123145091e+00,1.754815721362829040e+00
1.380559316370829182e+00,1.753368770331144244e+00
1.388679520570806680e+00,1.751736829131841144e+00
1.396964335840447768e+00,1.750853135734796062e+00
1.405495768887948582e+00,1.749769838303327329e+00
1.413508042025867217e+00,1.750832195132970615e+00
1.421889888817973846e+00,1.747393391877412494e+00
1.429891396123104119e+00,1.745057490020990087e+00
1.438547381606017250e+00,1.743811034113168512e+00
1.446838943488800044e+00,1.741308409422636316e+00
1.455202520128935584e+00,1.738599586635828143e+00
1.464027077706172797e+00,1.735728318244218471e+00
1.472657404599910791e+00,1.730212474614381879e+00
1.481209891586418026e+00,1.726984324902296031e+00
1.489926804661365400e+00,1.723131610602140373e+00
1.498293530770468118e+00,1.721903065592050863e+00
1.506779390162968690e+00,1.717902875989675726e+00
1.515420697377672932e+00,1.713109260350465846e+00
1.523989680243361677e+00,1.708487981408834733e+00
1.532095466794462180e+00,1.706970634311437696e+00
1.540272781039677019e+00,1.704506415575742562e+00
1.548719510690844015e+00,1.701096750944853131e+00
1.557730645014387516e+00,1.696222224384546617e+00
1.566153540143357947e+00,1.694860283285379410e+00
1.574533089441397138e+00,1.693202678710222120e+00
1.583459666569314139e+00,1.689299885183572769e+00
1.592017946774775261e+00,1.685880864113569189e+00
1.600482082011477125e+00,1.682469595521688399e+00
1.609195055789526263e+00,1.678012633472681259e+00
1.617562735229266968e+00,1.676467484384775330e+00
1.625545423109245657e+00,1.675338919609785204e+00
1.633250347884824816e+00,1.673784235864877568e+00
1.641592552857692455e+00,1.672098027318716040e+00
1.650104714261190653e+00,1.669949165135621971e+00
1.658426864220069463e+00,1.666462688595056640e+00
1.667109367897324335e+00,1.662778568416833913e+00
1.675297362938335866e+00,1.659855438619851853e+00
1.683620087024303880e+00,1.656790180057287287e+00
1.691980543397922920e+00,1.653245515376329466e+00
1.700482397825687331e+00,1.648361365050077687e+00
1.708366796863635351e+00,1.645651205629109937e+00
1.715984287774562800e+00,1.644577442854642690e+00
1.724148045007984020e+00,1.642333055883645754e+00
1.731954435752809385e+00,1.640854649394750009e+00
1.739459559802375210e+00,1.638333400934934403e+00
1.747464611859555372e+00,1.637110648006200986e+00
1.755552066897262842e+00,1.633698042780160398e+00
1.763098832813724703e+00,1.632226230353116758e+00
1.771004506509544552e+00,1.630168883055448603e+00
1.778900050992465065e+00,1.629335803538560778e+00
1.786821197775187331e+00,1.626418020278215693e+00
1.795012075265153939e+00,1.624404514580964687e+00
1.802742761541993755e+00,1.622887613028287657e+00
1.810080999913076027e+00,1.621816345304250451e+00
1.817604085735714747e+00,1.620491919070482290e+00
1.824974134298587902e+00,1.619349809736013279e+00
1.831932157161882957e+00,1.618613591641187455e+00
1.839391940505070711e+00,1.617528333812951802e+00
1.846460604284805296e+00,1.616480769068002532e+00
1.853727552736800899e+00,1.615794719308614624e+00
1.861227369843662105e+00,1.614313817769288839e+00
1.868234492672513625e+00,1.613652005642652210e+00
1.875646058543961159e+00,1.612652916163205941e+00
1.883057644804154496e+00,1.610947549194097217e+00
1.890334824039986428e+00,1.609827538877725450e+00
1.898269828655307911e+00,1.606897725909947949e+00
1.905727131415743569e+00,1.605192269831895446e+00
1.913177531530380948e+00,1.603798249512910612e+00
1.920880144694930181e+00,1.601903882473707075e+00
1.928216127817703240e+00,1.600217317491769764e+00
1.935798427278560885e+00,1.598025326579809224e+00
1.943309999137458277e+00,1.595662424713373273e+00
1.951084683982610146e+00,1.593641612082719927e+00
1.958643781553073504e+00,1.591500145941973088e+00
1.966042204392004722e+00,1.589932808727025915e+00
1.973537522088932183e+00,1.588571847826242278e+00
1.981210743217275194e+00,1.586705371886492077e+00
1.989116689645608727e+00,1.584055806547403522e+00
1.996865301527241732e+00,1.581613152176141845e+00
2.004525420148260739e+00,1.579986735731363501e+00
2.011659918748867959e+00,1.580064527839422528e+00
2.019351494037885608e+00,1.577384041696787031e+00
2.026594259164868461e+00,1.576428882926702357e+00
2.034659449226264183e+00,1.574470090121031118e+00
2.042286213105476644e+00,1.572654673606157516e+00
2.049634462704705395e+00,1.571078871041536207e+00
2.057468925665198789e+00,1.568448642343283073e+00
2.065314648426177069e+00,1.565684928447008240e+00
2.072720693138625947e+00,1.563327194899320816e+00
2.080891530914963372e+00,1.560498342365026714e+00
2.088614581415070948e+00,1.558638549596071066e+00
2.096743965840590196e+00,1.555917073339224244e+00
2.104607023111454200e+00,1.553051686137914444e+00
2.112686944885642681e+00,1.550522239655256485e+00
2.120782474359549585e+00,1.547279654294252405e+00
2.128608478827899830e+00,1.545236297100782252e+00
2.136928091257680684e+00,1.541794018596410520e+00
2.145564687100531387e+00,1.538679750114679390e+00
2.153960987100657754e+00,1.535487956851720792e+00
2.162685195957901652e+00,1.530887529402971570e+00
2.170764063512929720e+00,1.528306043297052330e+00
2.179153093937976848e+00,1.525176626294851401e+00
2.187284852675132729e+00,1.523153496831655351e+00
2.195945894126876574e+00,1.519849960952996959e+00
2.204420751181351168e+00,1.515647494047880350e+00
2.213673315987107149e+00,1.511978255063295196e+00
2.222208687407989824e+00,1.509255353063345018e+00
2.231575012271493907e+00,1.505219430774449973e+00
2.240840182839038075e+00,1.500570528060197972e+00
2.249571199251887865e+00,1.497188398092985206e+00
2.258941276608077420e+00,1.493162812441587439e+00
2.268046342796138148e+00,1.489387890249490365e+00
2.277342989673320162e+00,1.486262215822935273e+00
2.286413548056697387e+00,1.482625858038663758e+00
2.295842608902245452e+00,1.478967490345239444e+00
2.305202629074597276e+00,1.474566310495138088e+00
2.314645878878170748e+00,1.471256536990404040e+00
2.324703596424807284e+00,1.466683376878499923e+00
2.334509606215638744e+00,1.463157603293657072e+00
2.344296344302915447e+00,1.459258374124765334e+00
2.354286462602908969e+00,1.454816471487283325e+00
2.364979228935208067e+00,1.449080083221196524e+00
2.375350809884419601e+00,1.444627754837274125e+00
2.385462603898145240e+00,1.440046040266751870e+00
2.396381014605834192e+00,1.435329592972993673e+00
2.407488797863883256e+00,1.429927630573510910e+00
2.419088579427151053e+00,1.424134747236966536e+00
2.430662565207607262e+00,1.417524734884500148e+00
2.442198320663930833e+00,1.411866762489080607e+00
2.454817848922421497e+00,1.404846938103437637e+00
2.466536836900720342e+00,1.398759282380342306e+00
2.478433685069901582e+00,1.392730794996023258e+00
2.489689748630818489e+00,1.387509099990129613e+00
2.502177744115538172e+00,1.381340533345937649e+00
2.514969654448093284e+00,1.375357313305139551e+00
2.528411893757741780e+00,1.368605083078146212e+00
2.541894736506275176e+00,1.361024406999349567e+00
2.556031809879497185e+00,1.353258918970823288e+00
2.569768517515839790e+00,1.345859401375055331e+00
2.583289086602046591e+00,1.339369686096906431e+00
2.597290849525335954e+00,1.332795941084623070e+00
2.613116988251566575e+00,1.324297353774309016e+00
2.628560984004198353e+00,1.316144687384366740e+00
2.644619070289472962e+00,1.307508961409329817e+00
2.659970825726234001e+00,1.299568908959626956e+00
2.675320142547103153e+00,1.292518163770436823e+00
2.691556474762927476e+00,1.284316220134496422e+00
2.707647553056134804e+00,1.276233682483434384e+00
2.724207925706076061e+00,1.268045818060636432e+00
2.740608611296372121e+00,1.260039468556642284e+00
2.756792388358976886e+00,1.252185406237840581e+00
2.774019731297815206e+00,1.243411828726530111e+00
2.790191410009572159e+00,1.236159964650869414e+00
2.807258396096425468e+00,1.228803130239248143e+00
2.823706160127064546e+00,1.221432038396596864e+00
2.841844156650064068e+00,1.212943342179059858e+00
2.860204317447147204e+00,1.205021824389695961e+00
2.878588532773092457e+00,1.197142544239758966e+00
2.896600998426521301e+00,1.189327333420514776e+00
2.915080931453670310e+00,1.181379172056913340e+00
2.933355658758129980e+00,1.174082575291394592e+00
2.952490589890081729e+00,1.166352641731500217e+00
2.973032471199419380e+00,1.157066153138875508e+00
2.993879193851256559e+00,1.148121308237313842e+00
3.015287722601404319e+00,1.139353255480527682e+00
3.037861213973244823e+00,1.130020252019166449e+00
3.060057161801764014e+00,1.121294526010751857e+00
3.085233806945023805e+00,1.110920284539461012e+00
3.110367486748691679e+00,1.100983033329248517e+00
3.139006337886835141e+00,1.089428722113371162e+00
3.168490105845212401e+00,1.077231935411691710e+00
3.196150728379524075e+00,1.066427743285894181e+00
3.228505995894420444e+00,1.053714124709367983e+00
3.257641900767454857e+00,1.042964645475148888e+00
3.290901937583928127e+00,1.030941264778375555e+00
3.322010240884281096e+00,1.020017488449811438e+00
3.354331167820222337e+00,1.009164821058511352e+00
3.385806069434991628e+00,9.988165102899073666e-01
3.420864401721344983e+00,9.868473969399926826e-01
3.457511553618350053e+00,9.752646599709986486e-01
3.496821964891930090e+00,9.628747741878033173e-01
3.540053759687311619e+00,9.495362345874310828e-01
3.580154662522307962e+00,9.379276560246945227e-01
3.620429947718843966e+00,9.262861071527004331e-01
3.669425376632286628e+00,9.120666365325448277e-01
3.724199277490370719e+00,8.969045715034007493e-01
3.784176893214565407e+00,8.808405457437038510e-01
3.866068480249157613e+00,8.596358250081538310e-01
3.946835327316146724e+00,8.400627781450746845e-01
4.028346906386080839e+00,8.219643060863018880e-01
4.119172873314380645e+00,8.022297047078609245e-01
