"d","id"
1.427495023719308198e-01,1.864106504470110171e+00
2.053026563241676095e-01,2.008632746189833007e+00
2.526205157932615020e-01,2.025703435689210963e+00
2.927551052209893534e-01,2.012523777335881725e+00
3.260731160591927025e-01,1.984075123220681913e+00
3.547882817300461178e-01,2.012888232916593800e+00
3.815210575328710774e-01,2.059557794779538931e+00
4.055292773047808885e-01,2.052250059396028448e+00
4.274484334688561371e-01,2.067706451267003587e+00
4.489313157413044597e-01,2.071443769484758057e+00
4.682050835921083287e-01,2.070874274224042466e+00
4.879938695900983281e-01,2.066071302145719102e+00
5.087320461073553401e-01,2.048531364947557165e+00
5.271252970738220522e-01,2.038146965056657933e+00
5.452126586332372016e-01,2.025000455230474117e+00
5.618071146201936150e-01,2.026167158633470855e+00
5.788691316804046583e-01,2.012565034776925721e+00
5.955324450934008640e-01,2.005839982777833264e+00
6.117681686892061377e-01,2.002464268654584600e+00
6.276659023695524420e-01,1.991203838735818632e+00
6.432958201173282209e-01,1.980899904221296026e+00
6.583204539897560270e-01,1.970381484478712419e+00
6.733834109876454255e-01,1.963151273876428515e+00
6.883340978385383835e-01,1.955437112599610838e+00
7.025645313368706901e-01,1.967975542992353333e+00
7.168139863247244836e-01,1.964940403252839918e+00
7.300046270286882910e-01,1.963268095701932836e+00
7.431428202760715918e-01,1.959786698371171809e+00
7.565463313853786342e-01,1.955011528283357336e+00
7.687326826316278616e-01,1.958205192834138852e+00
7.813601058066427241e-01,1.943777741938829129e+00
7.938553312648332083e-01,1.941751939207315258e+00
8.055291463344048664e-01,1.947695505768060720e+00
8.173071214432150455e-01,1.938972987681627069e+00
8.295709589863254907e-01,1.933933787792920800e+00
8.409575025691878869e-01,1.932792124003171796e+00
8.522592860523806602e-01,1.927126042693852792e+00
8.636947539671481211e-01,1.927395062595605335e+00
8.748977094054555259e-01,1.923697130531072830e+00
8.863787358255464932e-01,1.916849286407232178e+00
8.979661658051547590e-01,1.902924944609403202e+00
9.090613378523322297e-01,1.900000121742486670e+00
9.206282180489753220e-01,1.892053831666707486e+00
9.322485327514262732e-01,1.878428539484739090e+00
9.437979024129110606e-01,1.868973902314901236e+00
9.553232718877703311e-01,1.863482830971479487e+00
9.662836051326089137e-01,1.858763799518347026e+00
9.775908150652522499e-01,1.851316430419683190e+00
9.891239738732462428e-01,1.838039910644292618e+00
1.000088113803576650e+00,1.829383511394262474e+00
1.011237361441544413e+00,1.822583251446485253e+00
1.021774105836137592e+00,1.815742357820272490e+00
1.032946737323217734e+00,1.805733819454907962e+00
1.043908822939927594e+00,1.796931905299425258e+00
1.055189105071180578e+00,1.786053841859101876e+00
1.066160400697561794e+00,1.777654789239168309e+00
1.077746679941173902e+00,1.768999548405408406e+00
1.088372031379993610e+00,1.764143734723329082e+00
1.098954724430344365e+00,1.755338077992200763e+00
1.109644591543106795e+00,1.747397579997777672e+00
1.119276538500217244e+00,1.744863410741090526e+00
1.130138425205147179e+00,1.739545210748910664e+00
1.141175476799608512e+00,1.732712604254484479e+00
1.150666411785299159e+00,1.731024167984724027e+00
1.161154102784540454e+00,1.726600176244974305e+00
1.171804807285056427e+00,1.718074856251478266e+00
1.182276964343065062e+00,1.712600359171629449e+00
1.192281646779036919e+00,1.706626050025224828e+00
1.202881339345455824e+00,1.702960108071565504e+00
1.212395359022130137e+00,1.700310186296701387e+00
1.222618953972004485e+00,1.694603382200002617e+00
1.232158939068880743e+00,1.691392697840929271e+00
1.241479648334248287e+00,1.689414390176534830e+00
1.250999907468273831e+00,1.685989755243063160e+00
1.260717930237767792e+00,1.683089971989393030e+00
1.270594143798535969e+00,1.679595832079649131e+00
1.279723314227188657e+00,1.678844911009073515e+00
1.289145427752267814e+00,1.675779741555452063e+00
1.298804484634886736e+00,1.673445265442133234e+00
1.308440748752393024e+00,1.670250620692968369e+00
1.317323157572870773e+00,1.672645690888166392e+00
1.327163679632599846e+00,1.668744233995675952e+00
1.336558403123175642e+00,1.664622143357991968e+00
1.346128298917789623e+00,1.663383974581956970e+00
1.355377622362424539e+00,1.661939073055982430e+00
1.364614769922202653e+00,1.661890776008367876e+00
1.374109877728773466e+00,1.662524251490831384e+00
1.382972648327474907e+00,1.661060369759797872e+00
1.391972501966578957e+00,1.660840983539819682e+00
1.401088168057135652e+00,1.660784488469362330e+00
1.409733898555347142e+00,1.662870261520147164e+00
1.419421701999130203e+00,1.658837279826402611e+00
1.429247486078671470e+00,1.654221703857183368e+00
1.438200572098505825e+00,1.653862951248883828e+00
1.447303224078401396e+00,1.652152861505746584e+00
1.455719992936594709e+00,1.653956515640020442e+00
1.464921801354876596e+00,1.653468109518289264e+00
1.473999502231585268e+00,1.654075030535459678e+00
1.482793046373531931e+00,1.651764257401227454e+00
1.492112247787382273e+00,1.651125435382127637e+00
1.500937645896517347e+00,1.649791741818189550e+00
1.509810492915343749e+00,1.649341028779745200e+00
1.518842340773475019e+00,1.647871444076299596e+00
1.527511697769430521e+00,1.645770789831876524e+00
1.536249503339681910e+00,1.643888274282216733e+00
1.545069481583433602e+00,1.645080462843179658e+00
1.553633880392279787e+00,1.645348591655492410e+00
1.562369561177597177e+00,1.644120046645403121e+00
1.571367197798163362e+00,1.643920175284147245e+00
1.580005641867483934e+00,1.643866353482007714e+00
1.588479009740326742e+00,1.642408620268106523e+00
1.596815835090779734e+00,1.644103828817605972e+00
1.605970360328845992e+00,1.644859027117490768e+00
1.614395569546895226e+00,1.644286769479513133e+00
1.622888112874661282e+00,1.644082888215780303e+00
1.631398016358448722e+00,1.642733244150877070e+00
1.639839096505652849e+00,1.641766233891248428e+00
1.648429651320220124e+00,1.640936273187398653e+00
1.657190625292839670e+00,1.639458134025335134e+00
1.665927330373368154e+00,1.637522064000368260e+00
1.674331162409707030e+00,1.634622637182473914e+00
1.683465653556446728e+00,1.630658269375562242e+00
1.691947787827812189e+00,1.629782328456640172e+00
1.700443078013021525e+00,1.629479892700910426e+00
1.708699318224705888e+00,1.629823585897683724e+00
1.717698971475237535e+00,1.628554407209157562e+00
1.726564354937614620e+00,1.624479544311761892e+00
1.735413582706063496e+00,1.620797384530305418e+00
1.744287926039224779e+00,1.618803037256002275e+00
1.753183427805288241e+00,1.616812788993120087e+00
1.762076205320877831e+00,1.614777006059884945e+00
1.771017725472738613e+00,1.612663431018590776e+00
1.780291725905684519e+00,1.610627202540636072e+00
1.789258197377376902e+00,1.607430240958928724e+00
1.798106226508339178e+00,1.604670982509851296e+00
1.806746110752168955e+00,1.602841575890779247e+00
1.816170665225040670e+00,1.599389851838350030e+00
1.825182230723991106e+00,1.597237247079610789e+00
1.834623473819647188e+00,1.593156592100859026e+00
1.844223125688306375e+00,1.588680115193128461e+00
1.853758881506538669e+00,1.585493846684694397e+00
1.862632933572178517e+00,1.583231370598077614e+00
1.871593609995525487e+00,1.580692656785249728e+00
1.881010316744636812e+00,1.576348773986101293e+00
1.890472538897513433e+00,1.571835227757692355e+00
1.899726074630843531e+00,1.568647889941930940e+00
1.908682260466616931e+00,1.565154641121625723e+00
1.918100053900961832e+00,1.562146501392126074e+00
1.927575225126421987e+00,1.558248697966337470e+00
1.937090112426737232e+00,1.555157152265310261e+00
1.946156760820702880e+00,1.553295220881700578e+00
1.955654365469322364e+00,1.549459882825612977e+00
1.965165551156223378e+00,1.545835822075605659e+00
1.974594947195561057e+00,1.541569374948739801e+00
1.983855581259038825e+00,1.538281344026327213e+00
1.992593059449901061e+00,1.536069392710924131e+00
2.001520425444473172e+00,1.533566322475671928e+00
2.010148979937349090e+00,1.532260787338018737e+00
2.018603463183201718e+00,1.530480479747057032e+00
2.026898681845460182e+00,1.529470162540674139e+00
2.035960544654973337e+00,1.525021576732396689e+00
2.044181264814068477e+00,1.523910566419363066e+00
2.052740483130817140e+00,1.521477001160383313e+00
2.061241355980390377e+00,1.521044555455446368e+00
2.069351468181735765e+00,1.520094208568334437e+00
2.077651384876629148e+00,1.518688069432973853e+00
2.086170108690199587e+00,1.516976108402013690e+00
2.094914785022711889e+00,1.515395583063363860e+00
2.103791384020787802e+00,1.513489631861448359e+00
2.112066919418792654e+00,1.511829443126916805e+00
2.121108889746947668e+00,1.509559660106897239e+00
2.129865817811114947e+00,1.506891025453805710e+00
2.138495837653732856e+00,1.505391767472028519e+00
2.147161560311792616e+00,1.503368103355169350e+00
2.156115262319551640e+00,1.500411557704210308e+00
2.164943055777650560e+00,1.497448596209287608e+00
2.173662165550920289e+00,1.495855773836374247e+00
2.182172024947376165e+00,1.493008564859628740e+00
2.191142010651579319e+00,1.490616078823804536e+00
2.200028856594776094e+00,1.488003850132226802e+00
2.208826051900681264e+00,1.485029126256704357e+00
2.217921156508642078e+00,1.481929649859666576e+00
2.227413097195061642e+00,1.479451351910829437e+00
2.236530965045042674e+00,1.477898539453744720e+00
2.245398599952655339e+00,1.476759638041257539e+00
2.254413604246868541e+00,1.474796122461557113e+00
2.263068513214119726e+00,1.473151795119047147e+00
2.272249934306787900e+00,1.469696684926747876e+00
2.281413089527631222e+00,1.467150575071572982e+00
2.290938419354851874e+00,1.463762207478284783e+00
2.300269137774094474e+00,1.459526413828134528e+00
2.309522060176444125e+00,1.456697472184896425e+00
2.318658030682663185e+00,1.453965926617383442e+00
2.328198389303911320e+00,1.451195529550313612e+00
2.337442636444172717e+00,1.448732201904058048e+00
2.346989237279931473e+00,1.445538715571164978e+00
2.357730497529742841e+00,1.440629792958497468e+00
2.367856036614778503e+00,1.437285445183515087e+00
2.377616316845767130e+00,1.434610572904348125e+00
2.387446677574028175e+00,1.431508066803216739e+00
2.397092386506572304e+00,1.428538778573273937e+00
2.406981537495624934e+00,1.425144797116517426e+00
2.416459898722903343e+00,1.422345706969499357e+00
2.426263531209008839e+00,1.419603735655545762e+00
2.435675908147624025e+00,1.417063685208558743e+00
2.445533897540216106e+00,1.414133783131837685e+00
2.455041186799710395e+00,1.410919356197118724e+00
2.464646239795982741e+00,1.407907919436693245e+00
2.474520731536856921e+00,1.405207205563783424e+00
2.484333810804245424e+00,1.401479867547750446e+00
2.493629810929436363e+00,1.399365846961736715e+00
2.504263503463697305e+00,1.395115795880555787e+00
2.514324169700601352e+00,1.391086289435624845e+00
2.525385970577723072e+00,1.386763347238302302e+00
2.535909892044302616e+00,1.382770375460386392e+00
2.546173159541526232e+00,1.379450443536043291e+00
2.556859923830364867e+00,1.376051115542650471e+00
2.567249076984413847e+00,1.372650361806154073e+00
2.578596294525684396e+00,1.368487102836370539e+00
2.589126735477111918e+00,1.364505982547998375e+00
2.600404057089201082e+00,1.360249248296022451e+00
2.611386947965666838e+00,1.356022721976041900e+00
2.621660730312526333e+00,1.352590691000223000e+00
2.632083187879005415e+00,1.348820135146379329e+00
2.642728566724479311e+00,1.345285896211862564e+00
2.654064045443673248e+00,1.341673597842454768e+00
2.666015340144270329e+00,1.336772962361573835e+00
2.677577956973688611e+00,1.331959208101033854e+00
2.689269467823055315e+00,1.327016424089669799e+00
2.700731105017701417e+00,1.323108284026384140e+00
2.712591469137223044e+00,1.319056322127580394e+00
2.724461150065231152e+00,1.314132429212331532e+00
2.735480173203418630e+00,1.310577962547540221e+00
2.746826207048206125e+00,1.306505416482686588e+00
2.759482037772059915e+00,1.301476820558309155e+00
2.772389014108733285e+00,1.296322313696145700e+00
2.784680425968012241e+00,1.292081886380910483e+00
2.797287978365276206e+00,1.287296557873487401e+00
2.810064073243776495e+00,1.282585457116364847e+00
2.822868780692571633e+00,1.277857603877782466e+00
2.836141209317410095e+00,1.272384710758924564e+00
2.850461279768750522e+00,1.266221134215593569e+00
2.865596437536451102e+00,1.259890834838151896e+00
2.880543750459953589e+00,1.253805674165487494e+00
2.896508548354629564e+00,1.246477711051702464e+00
2.911453232550835324e+00,1.240735976248979799e+00
2.928509451424493371e+00,1.233103082329034539e+00
2.946498094494216069e+00,1.224866831749677587e+00
2.964991645236398021e+00,1.216173274070024402e+00
2.985079043197433002e+00,1.207019201368093375e+00
3.005327293237133990e+00,1.198181554526090764e+00
3.024697725238860713e+00,1.190278304070234050e+00
3.045194707327089301e+00,1.181235439330339254e+00
3.066305433688078619e+00,1.172799317389726426e+00
3.088751475079072328e+00,1.163515680283307763e+00
3.108651967845744934e+00,1.155401241630315212e+00
3.133411573914441473e+00,1.144925505071878069e+00
3.161897426064316452e+00,1.132806599587202090e+00
3.189118553562074077e+00,1.121449753791093684e+00
3.213718906472087689e+00,1.112189463227987618e+00
3.240811127399400693e+00,1.101797578185796489e+00
3.265487941019328932e+00,1.092838119417428810e+00
3.287342138062013142e+00,1.085379789918661020e+00
3.313765233943499755e+00,1.075581192225217642e+00
3.352374664159881501e+00,1.061070780903100808e+00
3.390450269029510189e+00,1.047012775689363462e+00
3.430929705415659559e+00,1.032944433838129061e+00
3.463564733813073726e+00,1.021954182237386322e+00
3.496416171880523116e+00,1.011257544606923853e+00
3.528594123437188479e+00,1.001357897371053296e+00
3.571210552769392255e+00,9.874434466660021448e-01
3.614602820080026646e+00,9.739570753276346471e-01
3.657185948192866576e+00,9.614329023659230478e-01
3.712305083957895935e+00,9.452264805138110848e-01
3.772311279376751703e+00,9.279759691655635745e-01
3.857429019138308490e+00,9.040724949538706534e-01
3.919861246263764532e+00,8.879965285956861187e-01
4.003708773010335342e+00,8.667451147735117933e-01
4.163692366001827239e+00,8.291113780438899017e-01
4.266231921152034978e+00,8.079619939625261038e-01
